# Created by Octave 4.0.3, Mon Feb 06 12:47:01 2017 CET <felixgaschi@eduroam-0-230.enst.fr>
# name: compteur_pseudoinv2
# type: scalar
6


# name: compteur_pseudoinv1
# type: scalar
1


# name: compteur_nmf
# type: scalar
37


