# Created by Octave 4.0.3, Mon Feb 06 12:47:01 2017 CET <felixgaschi@eduroam-0-230.enst.fr>
# name: main_code
# type: sq_string
# elements: 1
# length: 888
function [x, compteur, conv]=multiplication_resolution3(V, W, H, beta, epsilon)compteur = 1;%PB : quand il y a des cases nulles dans la WH ou V on a ensuite NaN%solution possible, ajouter à V et à chaque colonne de W*H un epsilon%en fonction de la valeur précédentelim = 10000;Hprim = H + 2*epsilon*ones(size(H));Hsec = Hprim;conv = zeros([length(H) 10000]);Vprim = W*H;conv(:,1) = H;Vprim = W*H;while abs(sum(Hprim-H))>epsilon    for i=1:length(H)       col = W(:,i);       Hprim = H;       A = transpose(col)*(((col*H(i)).^(beta-2)).*V);       B = transpose(col)*((col*H(i)).^(beta-1));       if A>B        x = B/A;       else        x=A/B;       end;              H(i) = H(i)*x;              Vprim = W*H;       compteur = compteur + 1;    end;        conv(:,compteur) = H;    if compteur >= lim        break;    end;end; x = H;return;end


# name: info
# type: sq_string
# elements: 1
# length: 20
../Data/essai09/info


# name: n
# type: scalar
512


# name: delta
# type: scalar
1000


# name: coefs
# type: matrix
# rows: 4
# columns: 767
 0.8117944011262909 0.8488861840805205 0.7734629965481495 0.6609632298360467 0.66083890081841 0.6162481823610646 0.6913946899748992 0.6871595566752297 0.6520127448399624 0.7618417962286207 0.7260910259235915 0.7868553987720709 0.7999305020480071 0.4414656445274714 0.6359158088191246 0.4632444057927059 0.5637520066060693 0.6454223726834089 0.5096529954891644 0.4900918342028012 0.5086234551934116 0.4086360627413396 0.5123262692108497 0.5246460249233146 0.5667914758943943 0.5126581100552532 0.4612483697760147 0.491819311786973 0.8159251928531228 0.5533852590204013 0.5778643149865756 0.4943591894534077 0.4657803431417957 0.4471749944717567 0.5518435754019253 0.3211507879141764 0.4964874463989732 0.3627495737662 0.4215558848254131 0.5174491717426191 0.617601032516837 0.4796540444067498 0.3724674984175589 0.6478860492113675 0.35665122618498 0.5663216459772604 0.7982259529639795 0.6035406324049917 0.5234617307024175 0.4081156790295265 0.4282836902176346 0.4192188967522577 0.9560893699841544 0.4163747664696696 0.8393834786559886 0.5307211574521261 0.7361541317312179 0.5940483538573661 0.7154567653531979 0.3856065156706452 0.474922249133039 0.3059644676411081 0.4424168999819335 0.3883834354109738 0.5268532812081932 0.3163250078858208 0.5788927121234659 0.516210856182572 0.6634766014368052 0.8184627734517784 0.796313885962601 0.688917694994406 0.5347555808765903 1.051774469825322 0.8015658885676437 1.056873639107871 0.7991153996708668 0.5750492587899916 0.8096410196157144 1.157348790502182 1.183706100133836 0.7141021858547242 0.4996752851015649 1.118811397260238 0.7034333777241015 1.182595430275029 1.588382788138224 1.583712216216599 1.535140935066283 1.492985960506573 1.323849717690853 0.9158405208405909 0.2633858279642179 1.58616707288173 1.27739799818478 8.593754515663781e-10 3.143707744652796e-30 1.883969487156949 1.61071433110853 3.229077508281497e-08 2.725241416720429e-08 1.572707408472522 0.09244229051202613 0.04023740871391571 1.159522283112791 1.068176761958247 0.8355880633967443 0.005937926331455098 1.573924908152078 1.375723185366498 1.752466100930966 2.640271473503862e-110 4.460436112800271e-18 8.651531100373825e-33 0.616391415844832 1.82503430524857 0.3502519003002533 3.137010193719622e-15 1.028473096393712 0.8146410025780387 3.361681926217976e-80 1.062815277871306e-104 1.541199292539472 2.064879364157604e-32 2.794421854212878e-19 1.421726337670196 1.686832040264019 1.143967295388607 0.000221484185118254 1.69150836801892 1.099300972343273 0.007759726422229653 0.9420947099125291 1.167304250662124 1.485458202168161 0.9315438129510406 1.554056885104317 0.03387199138759009 8.120811293343193e-12 0.8865803407403182 1.694160823451293 1.975721503383669 0.9457693578269656 1.760219957968377e-11 1.498374109585842 0.7687856919997683 6.854668583645594e-61 1.793877808675623 1.940786050947841 1.447756209482252 1.534792313046604 1.498063039428821e-10 5.639154168842895e-07 0.0001127088871499847 1.266498071043506 1.019818720552043 1.620188967251188 7.026445136677045e-13 2.417961238363366e-07 1.588108701446822 2.025299599636498e-11 1.100895507946502e-15 0.957979780894148 2.720916915490398e-06 1.597267478094044 2.151906362079495e-47 4.793457432790052e-21 1.446532530700358 2.518165705973363e-34 0.254106552195756 1.295217615901427 1.868949249602338 0.650756211277441 1.656893118686601 0.000111832171508156 1.386957503350616 1.283849575008379 1.781981402600516 1.42447093030097 1.467415458675164 0.8862224059363224 0.9168829809260061 1.508132391403854 1.729859186367088 1.814939252124665 1.635200702042716 1.421524368612831 1.926481980410216 1.188373204965435 1.776633556382009 1.677207102863127 0.6187984419777851 0.01029813236103046 1.850563862248791 3.59212580982634e-07 1.477737063141617 0.8598653282731367 1.28553111260989 1.615112611348248 0.05542438981132728 1.663779929671871 8.793291501676478e-14 1.394521793780821 1.43803402790775 0.7208009123444892 1.17057020600762 1.548776385053696 1.81842490718457 1.057044709319143e-13 6.717140528235402e-59 1.759521093993478 0.8447015459557471 1.484310068079545 0.9955247404297688 0.00451580560843335 1.581725121258195 1.101322852262996 1.360800846828726 1.270544460335782 1.469329416610474 1.195796253130198 1.949574475682322 1.092148323220846e-56 0.4324038226191159 8.015807495774006e-13 0.905455764376246 1.562022674393415 1.26193099324153 1.456533362262971 0.9065708906932282 1.229734444781827 0.8237645123090015 1.411898073998588 1.180155164553693 1.443561553364049 1.092928353948237 0.7822524467792898 1.409257613070302 1.234888306419669 0.8041913707820137 1.5561907366466 1.431962514723062 1.415317142775912 1.926909228025287 1.922225151406157 1.263224667368105 0.404528988977797 1.968465833744377 1.930672573479731 1.107050877747842 0.8213622212268117 1.496026725880661 1.387024693927961 0.5263488377710676 0.306992012735642 1.26862021420239 0.7542324030811666 1.395306352499985 1.690326354705515 1.746568566341719 1.131910098027227 0.9657149610956032 1.275335866271506 1.515553018803879 0.7607735760672055 1.300722693062465 0.728594186611829 0.6119319320186236 1.134300285666763 1.180376404140992 1.891473562777475 1.674628424890198 0.8876609208146148 1.825327438764748 1.922013982909107 1.311717441665991 1.70556776842584 1.668670701306054 1.501204974181438 1.226914532306757 0.8616567400672821 1.248921115661241 1.883816184512273 1.768513068310484 1.445052227995651 1.160102297147862 0.6424732924125014 0.8778327226857219 0.7177975554452902 1.783581345948203 0.9577389750764735 0.8737282993535942 1.942486305834504 2.431231225893857e-05 0.0050492033492353 1.101262358707775 1.043389694742858 1.786423697060876 1.110891372504627 1.270977313620423 1.550758707201981 1.580703321098397 1.65259419006118 1.372375545832168 0.6216330940743688 1.563921955157578 1.461616508827056 1.304568661434263 1.244947730610962 1.837461838267384 1.555940006481114 1.470587708370876 1.730216384517421 0.1830514689263804 1.630134258090207 1.192964599741775 1.183664163286489 1.343452210102271 1.114954257193367 0.5770280002326624 0.6773027339117325 1.23342784878225 1.60873146495325 1.837110094236303 1.721534936921296 1.610844181962499 0.6735479160818781 1.2541369653531 0.778314951546382 0.6958111881369539 0.5055778752227523 0.8394972064265478 0.5008827729482243 1.288611584956326 1.045329129584703 0.8386737313600352 1.183440470215434 0.8358403959974167 1.447358870961045 0.6305803853367395 0.8933114598326294 0.6507960802215703 0.3354033215797602 0.5575675774998264 1.502354359066273 1.637440490709035 1.203588973004898 1.715351255247946 1.968639080545796 1.194051761037482 0.9136559133252973 0.9527945319782365 0.7824869670565927 1.007389954465696 1.886174607658814 1.981504662259492 1.047866878734412 1.299525817543089 1.290319344016702 1.503981861275353 