# Created by Octave 4.0.3, Mon Feb 06 10:11:38 2017 CET <felixgaschi@eduroam-0-230.enst.fr>
# name: main_code
# type: sq_string
# elements: 1
# length: 461
function [x, compteur]=multiplication_resolution4(V, W, H, beta, epsilon)
compteur = 0;
x = ((transpose(W)*(((W*H).^(beta-2)).*V))./(transpose(W)*((W*H).^(beta-1))));

Hprim = H + 2*epsilon*ones(size(H));


while abs(sum(Hprim)-sum(H))>epsilon
    Hprim = H;
    H = H.*x;
    x = ((transpose(W)*(((W*H).^(beta-2)).*V))./(transpose(W)*((W*H).^(beta-1))));
    
    compteur = compteur + 1;
    if compteur > 1000
        break;
    end;
end; 
x = H;
return;
end


# name: info
# type: sq_string
# elements: 1
# length: 20
../Data/essai09/info


# name: n
# type: scalar
128


# name: delta
# type: scalar
1000


# name: coefs
# type: matrix
# rows: 4
# columns: 767
 0.4957482213129112 0.2784800738975485 0.5247444608889479 0.5824388443790708 0.37849572697485 0.4447083418701396 0.5218001888138113 0.5198467690954813 0.4860045013571568 0.5427553951436346 0.2208955245779055 0.2233292757633493 0.5769887291055638 0.4645979014523939 0.3301326289379755 0.3281530737781355 0.5015606980586547 0.1174107390306981 0.3434833759216335 0.2431130549813894 0.2758462919763562 0.3133641686273165 0.2576925000981418 0.3471821786152176 0.293261002766175 0.2968484112238903 0.3450637571772001 0.2436908454000698 0.1851301882031226 0.4056661415205848 0.2501816084538461 0.2185585346256448 0.344393015748152 0.241274066143595 0.07911474575241889 0.0003156335542107819 0.2062630754316346 0.1412995936873117 0.2763471322513517 0.1939185633509682 0.1631825987551188 0.1903868720229929 0.2543020292117624 0.00841220199718468 0.2415482758634995 0.2277871060843922 0.1100737644405957 0.1781183711338704 0.1669560923574154 0.1994376169749622 0.1839389320528578 0.1333871794756457 0.1813594635527235 0.2202661490905347 0.2931627681184492 0.2338729157111165 0.1904931603251873 0.07565105834645161 0.06928643431742988 0.04524039929280009 0.07879105023787321 0.01735695980713279 0.1554287379261978 0.001576388264677803 0.2911467687172246 0.15805344383817 0.2864066887979498 0.1157663196796514 0.2262518097374195 0.3611024475430119 0.2698645938494466 0.1976997474033734 0.2254801869258457 0.04643064962110569 0.3475109221722028 0.05990891870672333 0.2342276499494095 0.17995359504541 0.1493462564162485 0.2953578258651235 0.1558691927977873 0.08891620887338084 0.07862474465632942 0.01915608965809121 0.156747694067004 0.0867559606598382 0.001514132787726572 0.1840911883487566 0.7943528715249022 0.4510623655576511 0.04500523544862896 0.1633519268143495 0.7213164854333377 0.6953580039123564 0.3462913332286757 0.01965317881004776 0.2543537492132998 0.7943656316146317 0.03133135609538665 0.1666238910766341 0.2300668748220656 1.541807840675658 0.134257920365898 0.3721643188258797 0.5413580081886966 0.7755427935708263 0.08424420100273275 0.1567300780732949 0.8514497665173211 2.627848394675625 0.2972576311971299 0.4118351863798312 1.787541986316 0.5935849933983629 0.1459747531121899 0.1604949139900754 3.359838493512887 1.724364619927795 2.886187928848794 0.9394637417214078 0.5283757073574029 0.04690443714994537 0.7680518114676103 0.6110603102893278 0.0003662719118313973 0.220505052764755 0.8482837996716311 0.03990144989039442 0.6155848005848225 0.07505756289122643 0.5582646897272174 0.3602256352127919 0.805473913885442 0.06376522561003402 0.02211999491504204 0.08056855017509743 0.3713543926829694 0.3466865180999685 0.318569452162333 0.2813869007282341 0.8889595714763741 0.7178999474201422 0.5781666145694323 0.04964823605321322 0.2142627558091949 0.3199399104693854 0.5438554396992948 0.2650712397612929 0.0003046868955905909 0.003695049572879486 0.0107569347277032 0.6648674005653095 0.149891967625972 0.3289415888556441 1.259622896630668 0.6498307845298847 0.7757311923080364 0.9129468201758371 0.03449045461086901 0.1611546115099275 0.2089358983878653 0.03353492101890266 0.3954975385695465 0.242104184829039 0.001882657616307507 0.9115259986523401 1.003579187842485 2.286584013684181 1.942471321934702 0.5982172364574972 0.5161605083296904 6.901649040345674e-05 0.06712015975862452 0.3003902794364539 2.809486091449509e-08 2.188560539168344 0.03849111439190445 0.01945845890090247 0.01307778238561735 0.7002223045625044 0.3755889641137298 0.4394685043236185 0.2939720950101767 0.3159752422454393 0.5042026670756536 0.5622288103412744 0.03554132190814598 1.652363291543584 0.09105993826000479 0.5895426332487924 0.6164627734079074 0.1984924069762909 0.1748381038127168 0.6440193829247378 0.2510495522814933 0.4828360412335342 0.178119609574361 0.7677226454547831 0.4134686246012215 4.040900415464884 0.0392217630715966 0.802130132577442 0.0045766206411219 0.2382765737900445 0.3087404948388625 0.0601326078045304 0.1002649956814891 0.3009432156461001 1.435997477929758 1.147952705171152 0.2637638765787006 0.6188052484543897 0.3727037868043022 1.0511309209772 0.3709389183448547 0.3715895203978485 0.7593970237943605 0.5342947773370867 1.689508951751821 0.5850440878748557 0.3918215332155615 0.4590005121001879 0.4702018125853993 0.5944797968972856 2.637596600652592 0.3283095496050789 0.4253766095909903 0.3057367160606086 0.1735525487864803 0.2335698914755795 0.06975171035432563 0.255362838779657 0.2433423357568729 0.1163391880763985 0.00229662483457521 0.1398803209723548 0.4521400420389302 0.3077581060738702 0.074880655003958 0.2718714547921869 0.01702776118697664 0.5198550815038462 0.0002134115630067544 0.3572422482223135 0.3057514187169126 0.5771820106182181 0.06542733686615516 0.5546826431893791 0.529583811338771 0.09857712161601176 0.1377724387466264 0.005437990825934192 0.4099662010254487 0.3097954691360673 0.2408637684589879 0.2448756884635334 0.1028527829757991 0.2162352293144202 0.04932759986088476 0.0004633158310644719 0.5196515380346555 0.4558909056951585 0.2077416447371823 0.2356442271099771 0.04114134547146271 0.01071471844726995 0.02404992413582277 0.074835702321585 0.7082769296135868 0.1883629535406291 0.386588885932761 0.8418823646672488 0.2481467407830701 0.5045486476231866 0.3506449700049915 0.04746242337565599 1.636064152811089 1.143517799028638 0.6074947939375789 0.2095449026961707 0.003509449936105608 0.4013229994684438 0.09034955413023245 0.1466400752466758 0.9784746007896542 0.4995012807702148 0.4299983375311829 0.1584141964208642 0.364615199953195 0.01287109712102314 1.38771921737189 0.07025038295808141 0.2015975603262417 0.01803363902604619 0.08669225834176923 0.0001938403081582857 0.4702488221007122 1.747292531511432 0.3955013294959565 1.087910669088776 0.8431424373540011 0.2354260819616691 0.3943888119438012 0.1612869288202232 1.068616945204517 0.07889232006254188 0.4962967699888224 0.3943663436512718 0.7463646001575254 0.0049207706491208 0.04166523614246629 0.7628392632309877 0.231354053633884 0.5761720579484976 0.264365546765755 0.1226626916589894 0.3237580636718026 0.04734179673810323 2.245713991754653 0.04120238268257175 0.09932836614758443 0.00767274749110747 1.019297234536217 0.2632905461113634 0.4101358500315063 0.2286775412474015 0.2174150918424091 0.3224244488389868 0.08207609306427638 0.2661190699429828 0.07996588274060702 0.2082903927862276 0.1228873900001044 0.07893034275946731 0.2914592546313255 0.2045954430131741 0.573386662540994 0.2018065471173304 0.2974935574441145 0.4293625529814377 0.103388010010005 0.6763272336222028 0.0601796248811567 0.2505186132247231 0.1413120749025171 0.04752285490611709 0.0414026316762755 0.3957207601081272 0.05202583240702047 0.01661270083534511 0.5066976121515259 0.2225557106355187 0.1176542732083582 0.8809933620536434 0.06423663127315918 0.3250602788388354 0.2008963195807901 0.1129087728182953 0.2005738511072933 0.1106495152730902 0.3088267291586421 0.3721728173024759 0.1126089769190507 0.2096711932675017 0.06543000610359995 0.4538213956461462 0.439798799731804 0.1073155436902951 0.5702121116248138 0.2790278390519499 0.01031801039290973 0.1569587010152128 0.6143793608235748 0.2240785530605704 0.4300578843488759 