# Created by Octave 4.0.3, Mon Feb 06 12:45:41 2017 CET <felixgaschi@eduroam-0-230.enst.fr>
# name: main_code
# type: sq_string
# elements: 1
# length: 461
function [x, compteur]=multiplication_resolution4(V, W, H, beta, epsilon)
compteur = 0;
x = ((transpose(W)*(((W*H).^(beta-2)).*V))./(transpose(W)*((W*H).^(beta-1))));

Hprim = H + 2*epsilon*ones(size(H));


while abs(sum(Hprim)-sum(H))>epsilon
    Hprim = H;
    H = H.*x;
    x = ((transpose(W)*(((W*H).^(beta-2)).*V))./(transpose(W)*((W*H).^(beta-1))));
    
    compteur = compteur + 1;
    if compteur > 1000
        break;
    end;
end; 
x = H;
return;
end


# name: info
# type: sq_string
# elements: 1
# length: 20
../Data/essai09/info


# name: n
# type: scalar
512


# name: delta
# type: scalar
1000


# name: coefs
# type: matrix
# rows: 4
# columns: 767
 0.5043612949629166 0.4134142145209728 0.4664840759032457 0.4896688645996082 0.558351346163121 0.3805402423551136 0.5434579424741669 0.4532309663989292 0.5018531354113951 0.2807605633279333 0.4409789685915195 0.3076673166943432 0.5066816043940906 0.3478750008916933 0.4572116386901791 0.2545791490595803 0.2904696919170721 0.5473399604262842 0.2545923156296872 0.3090663839135281 0.4090722336202134 0.215471725590388 0.3671427691782909 0.4206390402841666 0.2860818418911948 0.2849591971754641 0.1589927735873298 0.3858338206456923 0.3639814334137044 0.3153477744161824 0.2422332980220933 0.3174945694790275 0.2578283406649009 0.1865012907820686 0.2898125589291219 0.1428023739342488 0.3291576555937701 0.1751606162069286 0.2011973895378795 0.2694366805711093 0.2765387673792229 0.3020123334676402 0.2190929281723519 0.2258783554489704 0.1399904280142611 0.1092830792623623 0.2352206916959141 0.2032373080244796 0.1854225956955311 0.05495986991543692 0.1297685928725403 0.09861232342937304 0.2530047376858495 0.1080719129899597 0.2622795974623699 0.1959769579437037 0.1345490096841573 0.2139106296194312 0.08251336929651694 0.08837694609019948 0.1020096236713607 0.1186836884330785 0.05044102354469687 0.06915843143967004 0.09609201121398071 0.03154777737480101 0.0730161509700981 0.1333790017676526 0.1508598550581638 0.1492997818653564 0.1143092997418727 0.1020450240070337 0.05780810886010183 0.1074352342047435 0.1304834282932416 0.1882674434461866 0.07862766884407561 0.6959048722489649 0.1783850866191498 0.008561415008656469 0.001105543299656118 0.1224402040290856 0.1331803593397816 0.005478704799863434 0.1675546807896503 0.0417535725562543 0.2663898022862029 0.937424127253908 0.848920159672259 0.690368838857407 0.1811989974497102 0.2569741436087695 1.256678131019104 0.7745893064259056 0.1573629581541806 0.493863511024301 0.6657276246863079 0.3126318689573505 0.1070253565944831 0.3660204089467405 0.1321549464180639 0.01761117921401668 1.196145429449236 0.9910546104098165 0.5895386494103068 0.1817456311331233 0.6590297082914514 0.83048690520011 0.09816120569875654 0.1128268545621664 0.5137976529413624 0.5818642539272446 0.6811120870506495 0.422396269330775 0.3930882257439156 0.375818434828385 2.062327734763608 1.566484524159459 0.5070823239350123 1.304753752459521 2.257909273143766 0.5653563361402278 0.2553309945912094 0.5689002272463135 1.995425613277915 0.2410772196141631 0.8245581615315958 0.3697274412677032 0.7195058254764475 0.2699751793361386 0.3030327815982878 0.5498413260755945 0.1162692829950032 0.2879275394850696 0.3960622975865117 0.03145470387603085 0.7765645867882192 0.6387647875644764 0.5571408605663928 0.3652873572286897 0.7854576545939168 0.09050348451394379 0.6435933462682554 0.4826588502227735 0.437126692920045 0.8938318649107131 0.6527472567984787 0.2691675801987801 0.4009575786343093 0.003760078235423215 0.8809221159350042 0.7024590144748816 0.5454609217514046 0.2648420758445897 0.6436207723840877 0.56171536825943 1.004093753364308 0.7678067553607258 0.4841489439972237 0.244822704237347 0.5051052030394483 0.7590806655362884 0.1018606001677708 0.605377399409804 0.1511760875263289 1.62042760595663 1.044314354757348 0.4944876867098334 1.173816923059599 1.630610165816733 0.1887864519857579 0.02460994409283185 0.3851751771819819 0.569765502112465 0.8546978435715815 0.5556317703778749 0.7231581879740983 0.6611186101259749 0.1320795106298818 0.8783167266186271 0.1011806918403624 0.3968579344443276 0.2579944791138732 0.2783747109513219 0.07236892207103013 0.3198509431612467 0.4635966542773352 0.3830217999065104 0.4710702510090207 0.342120936810669 0.3785946455188157 0.0360852577831492 0.6192603866523849 0.006989525568780538 0.362566094718317 0.1876329311328423 0.2643549587846696 1.034881932377929 0.4014212499729851 3.738862007014448 0.3512547760826785 0.1273594454473885 0.4203982909535545 0.6854910437332514 0.315020265441679 0.7114847758261366 0.05552081122775655 0.1731065814184073 0.8758186292933212 0.7872296353544309 0.3761083149332347 0.1804993225716544 0.1883876427225798 0.4913589977620917 0.3280874965707959 0.2990248053744253 0.1007911154204568 0.3651630263716827 0.1267486209395944 0.5741462883470613 0.5294789716462631 0.2250291167700113 1.002348562923952 0.9131338477782185 0.5679186772998542 0.5979625965377459 1.454513436225637 0.5487776775027391 0.612451094318812 0.06519811145216742 0.6551030112709262 0.0001785961842527958 0.5475602773618384 0.3918261886567341 0.5967172490466064 0.5017236100768161 0.09801774742488815 0.6374123660183433 0.4192400959536521 0.3359220579718039 0.3261376363708943 0.3186671637023433 0.2312052016551084 0.3979960477216323 0.1164466996437298 0.5665165197005498 0.4266818956549981 0.2870753067756013 1.255945989656456 0.3961444900987362 0.149320597784928 0.3929453434808808 0.9609253293154371 0.02442327966926334 0.1396742763957564 0.5404847847036073 0.5129255768653538 0.6194761982217768 1.224916219914913 0.8305745956153826 0.4097317575929796 0.6725514559261896 0.2031357057150125 0.4790079664148678 0.1548650074457005 0.2373619276448233 0.1941149780188536 0.01585091649160709 0.2772201561593161 0.2251492681049757 0.3057807940588538 0.389853013199236 0.07428490929613421 0.2440195194545886 0.4696046413238211 0.9406631548752276 0.5685550185288397 0.3901283469387758 0.555067469746939 0.5239190066896986 0.2165226424113798 0.08340041389891677 0.4007290688113057 0.799508200871161 0.3552401475915016 0.5742732729634206 0.4599285836446781 0.2806583073631919 0.3032643110341395 0.2882521046760528 0.0621848281792059 0.7576509082321229 0.315353172232559 0.2740532745999463 0.3013187263310779 0.5570610926666096 1.106995879192374 0.1347923934275067 0.06981095596456985 0.04574485612763776 0.08436669130181194 0.2126644337310063 1.138710282806352 0.3905829407363294 0.003013651963274486 0.1136998403657553 0.02029471180981579 0.01410459804374441 0.3485842859006711 0.6603471302362023 0.3973827642485269 0.1322024978152197 0.3596750939545979 0.5213796184471055 0.2583242379177743 0.2726926409712481 0.3190856824078858 0.4494114358482085 0.2174341758044659 1.480935569044928 0.438213559384322 0.2444415844535279 0.09228688657156149 0.6208147372843826 0.2166149121150603 0.3392165305493543 0.08692117039367721 0.3053953375236683 0.3603652824182552 0.0586679216984058 0.1863796989005248 0.02652561904541348 0.1405696887394673 0.1865597992208846 0.2724558540705591 0.1964477144335959 0.3249966063944858 0.02142782996580679 0.2395684874660653 0.0002482022083660917 0.1953886248067897 0.4995068350687138 0.03714098996088296 0.04087719676405725 0.6084862616664352 0.6387552566569338 0.07353929396062467 0.1916016856093674 0.05347948821016073 0.7490774241201738 0.0006040945502097236 0.2378450061042505 0.1393199202733958 0.4710652065500929 0.7655144055018563 0.754514057011951 0.3160563497086126 0.2628594577646532 0.2637492300991698 0.2655507292916158 0.3611894393567177 0.2954572731463239 0.06479166899608182 0.2099469193478609 0.1722727267376888 0.3773683751364819 0.3886196225972132 0.3011794870513993 0.2546189015266329 0.3826398936726036 0.3565360857133182 0.002034599589631677 0.349585342795194 0.9055819823143029 0.02595957375756271 0.3458498896243525 0.1014201709615392 