# Created by Octave 4.0.3, Mon Feb 06 10:07:47 2017 CET <felixgaschi@eduroam-0-230.enst.fr>
# name: main_code
# type: sq_string
# elements: 1
# length: 461
function [x, compteur]=multiplication_resolution4(V, W, H, beta, epsilon)
compteur = 0;
x = ((transpose(W)*(((W*H).^(beta-2)).*V))./(transpose(W)*((W*H).^(beta-1))));

Hprim = H + 2*epsilon*ones(size(H));


while abs(sum(Hprim)-sum(H))>epsilon
    Hprim = H;
    H = H.*x;
    x = ((transpose(W)*(((W*H).^(beta-2)).*V))./(transpose(W)*((W*H).^(beta-1))));
    
    compteur = compteur + 1;
    if compteur > 1000
        break;
    end;
end; 
x = H;
return;
end


# name: info
# type: sq_string
# elements: 1
# length: 20
../Data/essai03/info


# name: n
# type: scalar
512


# name: delta
# type: scalar
10000


# name: coefs
# type: matrix
# rows: 4
# columns: 251
 0.05393235853574653 0.02555069314784561 0.04043046308246188 0.03667308416452811 0.09044218906654622 0.0488514547450095 0.03587391608295351 0.05549008078947761 0.03573147258393669 0.04457604765347652 0.03085152400677591 0.0403568653875527 0.05274920361397422 0.04626172076469343 0.07957938123754564 0.06635627784454107 0.0636448360297554 0.08407968056794923 0.05382539960141931 0.08599982149779932 0.09952742316911385 0.1161688987033028 0.1093018618900102 0.1121099132746365 0.0999331386875502 0.09377113795779476 0.09848442699144971 0.08605606975449272 0.05666398163849241 0.07861925239948338 0.07262694287701262 0.08842613996099873 0.04017721054045437 0.03631826337601266 0.08886630348415755 0.1248222069700172 0.09123335795817951 0.04593277658309577 0.09190207880604948 0.3012058819765655 0.1353816274256162 0.1627390772918605 0.1821825143492942 0.1209473333245739 0.09806675982952631 0.0982764112552983 0.1639288623068352 0.2124369590140238 0.1377406416806644 0.1177146807306878 0.1126348793094685 0.1344026945480069 0.195632489171828 0.2551218534706519 0.1934932041143823 0.1998712224984301 0.09237078541796347 0.2294985316884722 0.147338346498417 0.2364805488667539 0.1633498309092641 0.2116952876556127 0.07166246688611552 0.2832587353060363 0.1521638260206152 0.08205159571997681 0.3813713557643287 0.2033109802125314 0.2284386270825956 0.2323978507987287 0.1156991518012643 0.2016906531835908 0.1948267336290866 0.2492415774211068 0.2563808221857821 0.2135505373954653 0.237821387926661 0.1503217889964959 0.1645961342284157 0.1092672067311231 0.1262389480755558 0.1353509794745878 0.09610083068349917 0.1103979218093915 0.1349090209681102 0.1476851608969047 0.1912722392105358 0.1758944228339554 0.0829253238600768 0.1287646114251687 0.4217313560571801 0.1787627524436521 0.05381204472060403 0.09525987083852276 0.1077897792054127 0.07947635152351275 0.2167793426324183 0.1201870926013302 0.1652640472776709 0.05850095230072191 0.2022405821925217 0.1543632839022034 0.06251078225573366 0.05383220492283639 0.09558300406167919 0.1647142310976162 0.3002530687192288 0.2256785984557802 0.1548498952155475 0.1825848191272935 0.1433548568656393 0.1848684685046449 0.1590336724157299 0.1924908123879724 0.1479643661029802 0.192887870176586 0.1168445684141267 0.0489590122020968 0.1967910089669283 0.1358596555734443 0.1513469462777659 0.1338310892196725 0.1662590242844444 0.09055155790052286 0.2013149087608483 0.2145907725440463 0.2532462771235816 0.2286972591414384 0.2661375423388591 0.2287150327240018 0.1917368079478907 0.1927375023354343 0.2001730664191235 0.4039361491447661 0.1059260132306227 0.121606751011972 0.09667458280674583 0.1217668233384239 0.08488780043908414 0.04749045162895339 0.2686818342425903 0.1429364927127951 0.1187454025892474 0.1233951430038328 0.266464068400034 0.1254902659640094 0.03995016079411551 0.09966222236390007 0.08263560490220578 0.09380119379025656 0.1027525603508671 0.1026809266940303 0.1811143165649977 0.06843790135539247 0.1421116109843228 0.1036211701754766 0.1124609601953393 0.1305805560132421 0.2832310962114918 0.1332485326246548 0.1494125281639133 0.1535099004858475 0.1021487969920608 0.3718598563939491 0.1314935047524912 0.1587404623613493 0.1929337339397495 0.1554039604250455 0.1913416454964644 0.1776072079928407 0.04724143863072401 0.2013004274325088 0.1371829961161303 0.2537125422002575 0.141759696373177 0.3085674746649927 0.2568882430334963 0.2043144399819922 0.1851584745262113 0.2336121098965645 0.2399365573517812 0.2468352762703132 0.2166708883229394 0.1132379770339488 0.1570556268330991 0.07426502634393978 0.1464014079671422 0.198912234433162 0.06756657970805427 0.1599947897686766 0.1019070319881372 0.02670004533715021 0.1417373329937129 0.1267640034770111 0.05888462746064039 0.185333021284241 0.04006915405522209 0.06080707588891544 0.05755354338320778 0.08824673458713998 0.04263238859212407 0.04867835354578812 0.04458907567108266 0.06346811589594809 0.06566909489712883 0.03665538659256862 0.04557932070882543 0.03874949707250172 0.01855867215874846 0.001604550477332938 0.00310890435054266 0.01938832824407417 0.01218791641128424 0.003180324384588369 0.01004161905075165 0.01797886523716844 0.1151350334554949 0.578616396376346 0 0 0 0 0 0 0 0 0 0 0 0 0 0 0 0 0 0 0 0 0 0 0 0 0 0 0 0 0 0 0 0 0
